65863683
2523143
13434891
21495821
30048272
31817746
43352084
88702997
88735766
45514775
51380248
6094877
55050274
89489443
81133604
28442659
88801320
73334826
68419635
31490099
73891898
69140543
79855681
50298946
48988227
46399557
59670597
31883335
24117318
35291206
28999755
21921867
99647566
55050320
4128854
76939350
75432022
58458198
64290906
21528669
80052320
51118177
73400420
17334386
38666355
63996022
96829559
74154105
42107001
45482110
51249279
98795649
93356162
91226247
99188877
26378391
32637080
52560026
94830751
30310566
81297574
19431596
87818420
41353400
42762424
55967928
32440507
32374972
33128634
87785656
15368384
56983747
31817928
10289364
25133269
60457180
30474462
63471840
59244770
71205091
35913965
1310958
243
244
57671929
54558972
73269507
25428230
85721351
49152268
80249100
61538574
88342799
40337685
10223897
71139611
55804189
16875809
85164322
99713315
71041320
28934454
49348922
72155459
25887045
11501894
45842762
34111819
1081676
13631821
76808524
10748235
85295440
3637584
88211800
21922137
55640413
87818600
23429485
62685549
83263854
9568632
98795896
39584123
15827324
42500476
78348672
47219074
54657411
73695625
26378635
78184850
59769236
66650523
32866718
17203620
20316589
89948591
92733872
76513715
87130550
66879931
65307070
60490183
91718091
95781327
91521488
78905809
51118546
32375251
78741976
56689114
56852954
41550299
63046115
81461733
68583915
8520175
33269
12419574
8421879
42271224
92930552
47120890
65536506
12911094
37782013
39584254
57803270
20546056
52298249
35291658
63111691
41615892
30736916
34538007
29622811
21365276
21627419
27394590
71598624
87065121
53117478
57836073
51872299
92308012
13402668
62784046
50987571
94700086
51511868
21561919
98206274
9601602
32080450
60555846
8192589
1704528
39748183
34767448
86508129
82444898
36733545
57442922
55345772
97321585
38765172
1671805
72385152
29885067
63734413
22381200
92111511
50201241
25920154
63767196
6652573
73335456
15532708
89195180
78021293
83198646
41091768
48890559
38732480
18481863
21725895
81494728
34538187
1835723
85852878
16581329
83165906
15827668
43385561
71860954
58655456
24969953
20808419
59441892
65798888
42599145
1737449
87818988
60490477
99123955
13632248
57705210
34833147
87720704
70976263
19464970
71435024
77660946
29360924
61375267
2392882
60261172
87130934
51086138
83788604
23167808
75825987
98140995
83297093
76186438
52134729
85853002
2884427
65471309
58032983
88933207
16253787
46236520
69829481
33588074
16122733
68879218
57049970
65995643
89457534
2655105
25920387
52003716
51413892
83886982
89916299
3769229
34309007
92636050
59868051
5735314
39977878
23397274
97747871
12288928
26215334
48432048
26641329
83166133
6357943
39027641
30081979
79561659
8553409
34014145
98239430
77792200
65307593
99550155
73663445
42599381
15991765
2524131
74515433
23266282
79299567
51512320
80806915
28705795
99976199
75793417
94700556
53871634
74318870
81069085
40338465
92668964
51577892
54854700
45876272
91849777
77530171
5801028
11732047
50660434
15696985
81986652
5964893
55641185
99517537
10519653
5997673
52659310
63407215
61310067
37061753
27198585
37356665
36799613
70157438
84116605
59737213
24577157
92832904
52331660
63243409
82445460
12682389
33457307
72746140
89162922
79037610
26051756
20874413
12321969
13370547
44106932
97911988
93127863
26707129
73434298
37618874
45286589
3474635
62325965
37323985
76252370
12682454
12354776
45155545
91161817
69895390
53478628
61244645
19924198
50562279
34112743
44860648
71828717
13468909
17433840
76121329
9635057
72058099
79594740
18384112
58230007
32179451
7898371
48694531
11240711
52397324
49317135
28673295
64750868
7865624
67306780
86705438
59802912
30901538
42304808
44336425
15959338
14026029
59770168
83625273
656698
9307453
76678461
67044673
1541443
50627910
91915593
75990349
96175446
27952482
61900138
94799218
24577396
2393460
79529335
17368439
4392311
39748983
34473339
39978364
71402883
54756740
55805315
83887494
10847623
50496909
46400913
72680852
20022681
40502683
2917789
40732061
41551264
32966048
9373090
22087074
93259178
71304619
85657010
76973496
38077880
75498939
25331137
5899714
60687811
41190852
75433413
90998217
26314190
56886736
59114961
68421075
50267605
1499
92931552
1607147
21038574
75204091
51185151
79365640
59541000
17303058
57312787
14845466
4163108
32900649
82839082
27657774
22087219
19400247
95258169
31852094
76514878
70780480
81954372
23758407
25167432
58230348
37422668
54298199
43189853
11109985
57443939
90605158
62326375
69207656
64226919
44467817
52987496
19400306
83691131
37324411
42141312
4228738
58164868
37291653
62293638
26445447
47875720
70059657
89392778
82577035
22742684
80217757
82478752
15599265
23856805
33195686
42370732
84281006
33982128
25659065
19826365
66258623
41846464
14255810
32409288
98272968
49579726
64161486
82740944
52528850
11306712
51513059
28346086
96503526
55084775
36931305
59606758
36046571
11470572
73664238
89360115
74548982
44697334
61081336
78710522
89655036
53249789
59246338
49841926
10782471
91522824
33228553
71567123
43222803
78907158
64489239
93751074
55117603
37127972
35260198
52594471
72320817
15075122
91653941
58066742
7866171
83461947
44435260
47089470
50562879
17237820
42764098
45614924
80349005
61146959
92112721
28051282
9209688
22513497
74418011
39061343
16025441
51939171
4425572
21661541
7014245
61146983
41092968
63539044
3278701
62424947
31328115
17631093
85133178
5932927
75990919
22513545
84510601
26347405
29755278
11863952
76547992
83920801
74123171
5703590
43354023
12486572
25954220
55936951
74876858
88999868
98895806
64325568
79890376
86214611
55052247
32671724
71862254
81070066
46663669
27723766
85198839
35784695
79497208
27232250
24578045
18712577
70715395
21137416
3409933
98600974
51120144
98207764
66160662
28215322
91326497
50759716
54331429
95324198
45287462
8882217
37718064
10094645
75073591
92407865
83724347
21792838
54822985
76613710
87197775
51447893
39061593
21694562
22382692
67537000
70912106
26249328
14780532
81201271
24217726
28280959
49711232
81922175
2951302
41846923
28117134
20023441
13928595
72976537
87427227
1050787
61081763
11241637
20875431
74156204
64784556
24742061
84904110
86214839
86083767
4720834
85002438
85625034
35588301
50858191
87001296
91818195
22644957
8653022
88312030
27429090
88836329
34900204
57149678
80546034
33163511
31459577
19302652
30804223
9046274
34572548
9832709
36636934
61638920
41781521
99780887
38766876
1706284
35391789
73828658
13535541
25758005
30542135
65505592
2099517
55478594
74189123
74778949
39094598
5474633
55904588
5835088
62392661
81561941
26118485
85100893
50825577
30312811
41748846
22841712
57575798
88508790
25233788
25954690
73042309
29460870
89786759
7768457
66226570
88476042
47647114
67799437
67537291
40143245
47319434
18352532
93555095
44894615
48368028
65866142
63965618
42437050
53447100
41781692
83397060
89655749
66292169
61311436
99748303
75139536
31164881
87034322
24086995
44829137
362966
2787801
67242460
53414366
84216286
43878881
23955938
10160609
19106276
53381604
56691180
24250862
39619056
78645745
58624498
71764468
34998773
29657592
25201146
95980027
81660412
25233917
57838084
71436813
19302926
62982673
32868881
16288275
36309531
78875164
68487711
22284837
53873190
62753318
22972969
35752493
72714801
77990452
9669177
40471100
88312382
90311234
38275651
6031941
94931525
86739531
4786765
85101141
36571735
6457944
93719132
78940771
63179368
48990827
77826667
68291181
19008116
67013237
50137718
30968439
71502458
24513147
77367935
63146623
92015234
90212996
15927946
11864718
86248082
133779
84019858
43027097
31591073
21236387
39848614
46959272
47221417
9276078
77433523
93194932
17107638
26249910
60197558
83102393
97127104
93653700
34179781
91884231
99912398
10259161
48859865
38996698
50924253
42175198
63277793
36047603
45320948
24972027
92244736
51579648
92801793
23005955
77433604
70617861
25004812
7703317
84052757
83069719
32967445
61213465
37718811
92670750
94210847
39947038
7998241
31427367
87329577
82840373
58166072
93752122
95456063
21138244
22612806
98405190
7998287
9309007
93358932
56036183
46992221
21138269
9177952
45386595
41061223
85265257
18877295
93162354
64326520
69733241
87919485
20941697
84806540
34081678
27003791
2231195
10455970
53054372
48925605
20745126
53283751
53971880
46238636
18516913
88935347
8817589
40405943
56101815
67996605
64850878
97946559
61803456
86019018
45648844
33393612
39160782
66030543
53152720
920532
60132312
68455389
43060190
45550559
16550881
96570339
27429864
18811882
36015085
28478448
51874800
28707826
49515506
11373556
93293555
84052984
22055932
4295685
86641670
18091015
82709516
3968020
90377240
43093027
92376101
76844074
74189884
41684029
42175552
70356035
71339076
26512452
42306630
9473095
70749255
66227278
62327887
48532559
59542612
68357209
46402653
67701862
78974056
56855659
60656748
1510511
99257455
78580850
12717171
24415347
2133109
70356096
38571141
94571658
22776976
25365650
73206932
46828694
78482583
85036184
