79360846
70480721
54915922
61403991
61338459
76313438
32502627
57242471
86700917
46330742
94598007
60093304
95744892
87421821
92861311
79590277
22999944
19919754
44397451
43381645
52654989
80147348
75232149
23884694
59798424
20214686
78377886
2257824
63730595
20116389
85029802
17494956
34042797
73528237
20804538
68547523
44135365
27292616
31650761
51049418
85947341
33682384
10908625
39416788
74478549
72414167
12579799
3535833
87847902
4912094
67695586
17626082
2290662
87684072
50721770
84931566
18674677
41874425
44200956
22082559
53179393
1012740
99841028
77526023
23163913
78083082
7205900
58782733
52589582
96957456
5796885
93778970
9368604
13595678
70710302
4158497
7468069
90698792
32338986
90960947
63534135
28701761
11138114
23131202
80475203
22967362
54916168
93549642
26113100
66712655
70579286
18674776
49968223
77427814
84145257
21296235
3699820
64877684
73167990
38237309
48952446
67761280
36762753
19231875
74675332
4355204
2716807
7042184
14152845
65500302
85161104
48886933
25785500
51279009
83227813
54588582
74970280
10908843
67269807
89191600
3044529
29062327
8910011
20116676
38139078
46232787
49542364
19166431
31159523
59700461
42431727
92992752
30307575
30471423
4060420
45839621
74872070
65467670
74511640
71005464
42005784
75363616
12252452
76510506
65795370
88962354
35353907
90109244
85030208
63042881
56948033
58389827
71562570
62682443
67368273
32404819
82408787
28341589
1373530
29750619
98170207
46789985
57865570
56522081
93255017
64353669
81425798
16414088
2323862
85521817
42890654
84440482
20805027
40629667
25097643
61207979
5993911
88503737
9303484
3765695
62879170
10974660
21984711
90502599
21558736
29160919
33093084
99317216
4912611
51377637
24868336
20641267
66319868
41711100
99513864
11466250
22902284
76117523
41186838
74282525
43939359
14480929
76379683
42661414
37910058
12744238
78542383
21558834
85718580
35255861
36271679
53737035
57570894
75167310
99186261
13858391
83687006
58357345
79853158
86701673
26048105
59766378
51345002
88438380
47150716
9139837
53180031
14448255
15627903
59373191
93877895
14120598
20543129
20936345
11007643
68777628
74184349
33027741
15890081
15070883
28997284
83326629
81819303
61470377
35550890
52623018
11957941
45381306
75757246
90633922
99907267
73234115
15562437
25032391
60126925
6715089
1996503
43874008
84342487
42890970
99022556
77690591
33650400
83523302
99677928
72447722
52197098
55146220
57472748
40826606
13399798
31946487
1996536
1832697
19887875
38631173
53180165
54523657
58193685
10352405
1406745
52688666
76773165
22378286
68253485
32110385
65959732
66778940
89945928
81360713
99383121
58980178
34305877
74905432
29390692
76805990
15365994
18446187
37025645
23295855
25130864
81262451
69531509
48953207
96958328
39647098
47609723
82245500
59012989
2291584
685955
91780995
36337543
80902024
64976776
20182922
31455115
32208776
72218504
62977942
40368026
74119071
48068531
6027187
15366070
40105911
59078584
9697214
30046143
27195330
54818758
17233864
26638284
50952141
37091278
68450255
73758673
66123736
53835737
80115674
95287259
63458
40466410
23427054
25163763
51476472
80934909
2160639
26048513
92895242
16578577
12908561
80934933
29030421
38205464
65107999
48429089
94468132
26114085
25884709
32700452
29161520
20576306
4782131
23558200
17954879
46364736
12646466
99317826
65960004
23754821
718922
65960010
64485460
81524821
20412500
49936473
98334810
94271579
31914077
84703328
38205538
68483176
83523689
77822060
17987703
26081400
99776634
9336954
63797372
49772670
82901124
45054091
78182541
7960721
75331730
91715730
98957462
32307351
24737942
39811238
52361383
46299304
44562601
41285804
52656301
23165103
38697135
4028594
16480439
58194112
86997185
36731076
67434695
74119368
35649740
36567250
95353044
72743127
37517528
15923424
17070307
44136676
79755493
91519204
87849191
46201063
3274984
45414636
57211123
72186099
96499963
50264316
85227774
84605185
22214914
15857929
55769353
78248202
85489932
82508048
48167187
75757845
36960537
16152862
93419810
38893860
4323625
74152234
49609010
88471862
75987257
34076989
46299457
56228164
27457874
43579733
62454102
24082777
64026977
96991588
40892774
70646123
81590639
14743926
72907134
33651078
68516231
19429767
76183945
77560200
56981897
90372488
9533839
35191184
2980243
93550997
5568924
84441505
92469678
13498799
69794234
82180538
75790785
44726723
358862
36469200
84376019
52132311
66943450
39188956
7076317
84638173
81557980
48724455
82475496
15792615
47446509
19528174
30177775
91060721
75332086
73726458
71432699
88046076
60750334
99547649
90372611
30374409
12417546
22149645
36895249
61536790
73333271
14613016
84769302
53803546
56457757
9992734
64256544
52492832
78608930
27261476
13597222
40303149
56621615
41253428
25033276
85424700
91388480
37419584
31783495
67500630
51870294
31095391
48101987
43317862
81853034
34568811
44726903
52132473
96598651
29620859
35682941
93289085
61307527
17037967
54786708
22575771
40368796
23591580
74906268
61373089
49773224
35158696
95517357
53279408
71072441
30997177
65927869
2259646
12090047
86244035
52034244
65829572
15923910
20282054
54033099
10287820
38861522
39975637
13826775
88734423
42269401
16251612
10615517
76348126
72350428
50658016
47676130
16022243
81492708
3046116
78510822
1637096
24410869
92568313
26311421
27917057
16939778
88603395
96992019
84704019
39418647
2325271
17300251
87653152
32340773
48397093
28670761
81820460
95648563
72678205
80182081
27720518
13007687
22215508
20544344
42793816
29358939
20937563
47610718
36240223
84376416
87260004
62225253
44628838
9436018
65698681
55147388
129919
64384
21527425
41843586
92437379
91552642
38730626
48757637
7011211
76381068
82312079
55081873
45251475
9304981
33815450
79133597
41286559
73300896
80018337
23296933
47184806
56753066
65305514
12352430
43383726
61602738
5143478
82607034
2161597
60128190
44596160
19463107
78740420
15858635
78871501
87817170
16350163
14056403
83459031
23460823
32635864
2816986
92535775
55475169
79363042
35716070
79592425
22215666
62913526
9599993
94600189
15563778
80477187
53214215
99122185
11435018
11992073
12975116
3505170
4324378
93584411
61045787
17234974
76119071
63831072
83065890
83426338
43187236
36142121
24738874
81656893
27524160
49642562
556100
61701192
51412044
25820238
87489618
30932052
18545748
74873942
55082071
5569626
15793584
98466916
20249701
33586278
99875946
41417835
2161777
12614773
1768566
7011447
32963704
42957948
93486208
68877443
47611017
48430221
19987598
98434190
60685456
8322195
69532822
41974940
96205983
6519968
74906784
39550119
26148007
21396656
30309560
21527738
60423354
72547524
50855109
71859398
98630854
19037381
90602699
82083020
2522319
2063575
42073307
75431137
92601585
24411379
34340084
64912629
62553334
490752
6454531
45874438
33783056
83819793
97090836
44498204
35421470
3603745
78871842
41385256
71171369
91028778
51576108
36011310
55934256
55999796
70155573
2194741
28474678
63700282
51019069
38370627
42007878
86670668
48463183
79527250
3013974
96140631
14122343
12746090
20020591
30014831
16153969
61177202
8420728
17759618
47611269
74644869
91946373
46693767
72220041
77004171
76709259
64224658
61341078
37354904
30440859
84540829
62619041
73235880
9338280
73432488
60587435
47447468
44301738
87424428
96992688
392624
65994162
32341427
36175284
95878580
97877430
67927473
7503288
46136759
61930931
46464443
97746364
89128393
13761996
9043410
75693526
97451485
88800734
92208609
33488355
10812899
99319272
2817517
90897902
14974447
69631475
15859188
63995380
54722036
67763705
33947133
48987647
32833024
4095489
74776063
43351553
92864006
81657358
65240593
11861529
36535835
61767200
77921824
10583594
6094379
57835052
28868141
43548211
63471155
22117945
75726397
70778441
42139210
60522060
64978517
39616085
25329238
60751451
42106459
92896871
84835945
23985772
13434485
31555199
51281538
89783939
37813894
196231
43122313
90439305
19824269
84147854
36961935
99122830
70647440
93748884
52493972
78118551
6094487
99909276
35585705
83820205
65437358
71696050
41877173
31784633
2883260
66059968
12386008
1507035
90144477
19365604
83853033
49020650
90144491
11960046
50462448
28933872
69304050
50888435
73137906
48037619
90275568
17891059
47873787
69140220
33718013
63012608
53116673
17268490
70844172
25689869
20086543
60030736
85032723
65208084
34045716
63307548
12975905
63504164
23854894
2785071
55213883
75104060
68255549
53313339
3178303
72515397
36896581
70188871
14024521
27950922
46792524
31522639
48463699
10485588
63962965
38272857
52821849
73563997
21364576
49610594
52756322
64487270
47611750
30572403
21004151
11632504
95747964
54787972
30900100
59178888
5013386
13533066
5603213
36044686
86015890
27754389
45580187
69500835
89587623
82444200
17694632
79429549
73039794
54362035
97091508
87490485
884664
8912827
69009352
42303434
77955019
66715595
84606924
58523598
61571023
11993037
82771921
57671634
40533972
58851287
18022362
60129244
48889828
32473061
69500901
18284520
69664745
57704426
46563324
23527423
