84085913
43879578
96111773
16649375
98602145
77728930
8457379
95718563
78417059
35753125
30051496
39390381
43453614
6130870
74681526
3869881
19107001
28675262
15076547
64949443
9964742
51449041
85593299
51023060
81759448
56560858
62721242
23563485
71240928
27725025
98241763
40668387
14421226
52792560
29953266
48336115
38866169
22646013
15764738
6950148
84217094
8719628
50957583
69405973
97193241
88018201
63245596
69864734
23498015
32640292
44010794
66981163
21957936
61377841
44305717
25627958
47877436
82414908
84086081
35491141
25169223
27299143
58953036
37064013
93457740
5115217
70782289
98536788
29625684
75894101
84217176
64818522
91917660
2952541
39849311
45878626
42634596
34704741
91753833
62131567
64294257
11373942
58363256
61181308
87494014
32509312
20581761
76516738
90541441
1772932
78974340
39128451
3247496
67014032
13602193
78318993
23039380
67997083
43584927
61345184
85790113
65211807
53677477
5803430
60001704
24710585
39521729
39554498
57707976
2526665
48664011
1707471
6131154
90082773
92442074
80481755
232925
60001758
3542497
81759713
84577762
66948582
65408491
19205616
93621745
71175667
85003764
37260790
96833018
8293894
34278924
28839442
86937114
52694564
76484135
31428136
59346478
35819054
58134069
57871929
49188410
90934847
57347648
41029186
39095881
72683082
37490251
38702667
94539346
40013394
76418645
72879707
92671583
62230112
35425889
54759008
3640933
26316391
87756393
56921708
65572464
19140209
11308658
82906738
44371575
66621049
72027772
79335038
67210888
43257483
91459220
74911383
34573975
79400605
78384803
30969510
36376231
35524265
26054315
4198061
89951917
34115245
19041971
11144889
94113466
15371970
67866306
85888711
30314191
46075601
78679768
22777564
73535200
18878177
6328036
67309285
790256
40439545
331525
1576711
72257287
63901449
51646218
64229132
96931596
17338127
59445007
24416015
6197014
46927642
34377498
35000095
74551074
78221094
64950055
76582696
21696296
60395306
41750315
32968492
79367980
69570345
70848307
60624693
86347576
36081466
52170555
22646589
50958143
4198211
17502022
68030284
67243859
69996373
71798614
81071960
66555738
80711515
12193632
58265440
38965090
39948131
60657507
22908776
58494831
98570110
25956223
55316357
30969738
18911118
4099991
49450905
73699228
38440866
26742694
81137576
59510705
2166708
60133300
10358713
86675386
53776314
99356603
53514173
68259771
28676033
75468738
12914626
64589761
36147140
70586311
58298313
84742094
40898511
72191958
93196247
39260123
93523935
60166112
16289765
65245164
55545837
17600496
23039984
73535478
30019574
72159238
90542090
29462539
20156430
52924436
75534359
88182807
39424025
87527448
59052059
63115289
64327711
92475424
30871585
61313058
31363109
19959853
88412213
17305654
92016700
20189245
24481855
76976195
13537348
67276868
43421769
48173131
41062477
46403673
20975707
78450786
67309668
93392998
65474663
73011305
94539883
9277548
5279852
66228336
78057587
2101367
35655801
5509250
36278402
62984330
725133
87396495
92803215
85594262
47485078
64098461
25071774
60100767
73633952
15765665
16584863
38834340
27332776
2592942
30609583
70553777
44601525
58593462
39620791
2756794
6623423
37523649
59969735
92606664
23761103
88019151
64852177
97947866
96768220
54694111
53776608
28250343
63246569
81826031
26317041
57282807
52629753
53022970
64000251
79008001
78319879
30871822
39424273
74223889
55415059
72782103
82776343
76779805
42701098
19534123
24219948
28643628
43716906
46338352
22352184
55152953
96178491
3772735
18714945
92639554
21107011
93393224
71176524
18911566
3576143
76386649
41554267
23499104
80580961
48599394
52990306
94310756
33395044
54202726
16421224
71930216
24121709
46633333
72651131
85954939
69538175
85692808
48927115
28283281
32149912
50172314
64393640
22679996
7967170
85070277
38277574
36934092
94671308
59707854
85463503
21762512
93163984
2462165
13996501
90280409
7868890
84316633
43291102
48337387
36573676
56300013
50467307
69308911
26579446
26153469
96145932
52171284
88085017
74256924
50827806
14979616
41882146
98308642
60822051
64721452
61510192
67244596
44241460
49058357
62362173
97423934
72716863
59806275
35852867
6165061
55153224
25039436
50139727
91755088
33034837
95883864
78385753
3904092
19894881
332389
17437286
18289255
39785062
65442407
24580714
16093798
79729260
61411952
69702259
56169075
37884535
18748029
71635583
55480960
55677580
59380367
97522321
12948114
56464019
4952728
42799769
19567258
63967899
73765528
91558557
81859232
29692578
73634469
22352550
39948971
2233004
99914418
50860725
77796024
7639738
93196991
57971397
3871430
59577033
97653455
32215759
57316049
58954451
39621332
74748629
36803286
95687391
50959074
33460963
44962534
31003370
8622829
27267824
45519601
57250550
74650363
65245948
86381324
45585171
46732069
26841893
61215527
89854761
45716270
65606448
98669360
33133362
91099960
17437500
53285693
82121536
71897921
76616513
27497284
42111817
28873545
32936779
75174732
38703946
51319630
45454169
48927578
44700506
74781538
67769193
22156144
18060150
39621496
32215932
1741694
66556799
27595653
86414215
43127688
95622027
7377804
82678667
26055568
64066455
53810080
53285794
20517794
77239202
49025957
98374567
55546796
60625837
47780782
91952056
14783418
93000642
2724803
45323204
32052167
70783945
47715274
38343631
97260496
70325200
18781140
34051052
39556077
69243894
94966775
60462081
73176068
660486
98833415
33854472
74093578
71242763
65442832
62755857
93852691
98604053
8197149
21337126
27890728
78484522
758827
59315244
11703340
19698735
59675697
58922035
95917110
48993336
76289081
47649850
97719355
75404348
10490947
89035850
10916938
22025291
55415883
80417876
29496410
66262109
97031262
57021534
40277090
25105507
7181416
45651050
69964907
49124461
11146349
40539250
50402418
18781300
10851447
89199736
63116409
15766651
57349256
11637897
74585228
60658830
57676944
82416790
35624089
93197468
86348957
46208159
52794527
52008102
81040561
72848561
97490099
82252982
6821050
83530939
52794558
87430336
89887938
77862083
11179202
43455685
93197511
44340426
45290702
88577244
59282657
84153570
48698602
69244138
16454893
86807799
82810106
89232634
33658108
40473855
44045577
20419854
49517840
92542230
67015958
92280092
54236444
25072926
4986148
95720748
56661292
890162
44504380
75175229
70751550
857409
76682563
14980420
11408713
35722573
94606671
86578514
12916053
28382556
99063133
35427678
60953954
94803301
25695589
86840685
57611630
28251503
4199795
61511032
75961720
79304058
36443519
49517953
46634374
93459854
18158990
9115024
23958929
82515351
98080152
46798240
5510562
25564585
11343274
35427756
36607406
30315962
4724155
71800251
16651710
5772737
41883074
22877642
48141774
234960
21042643
85104084
53188053
16815573
43587033
9704923
24778208
98342373
95688176
25466353
75011569
47355383
64886263
12457466
81958398
89855494
87234054
24090126
60167695
28907024
36214290
87987738
73209375
52696609
96736804
92313128
54105641
43423284
45389364
18716215
99915320
49026631
76256844
83072593
89986641
18323028
83629655
54269529
15013467
22386270
24942178
44340837
22648425
77108842
5740139
67409516
60462701
26875501
47421040
72816246
63510141
12555902
31168128
21075589
38508167
98539146
95917710
46012051
72455830
83138199
88970910
83170982
80451250
1152692
30774968
29890233
7018174
35755716
15505097
857804
76027602
82581204
76519132
19568350
32773864
88151785
98539245
68785902
7313134
6493934
14554864
13833974
23238403
83924749
99489554
61150997
17143573
54564631
12392217
27170588
66721566
52762399
48273183
61413158
53581606
11966254
23631662
92870446
29431606
96966455
6657852
90511171
27465540
73242440
84186953
16586569
83007305
20453196
66819913
71112530
79271762
84481879
49682264
57841495
89626457
57349978
23795554
2856803
59381605
93853551
5281652
72849269
21600125
71767941
96802693
80353159
97458057
58464139
59119509
85563288
61806493
52369311
12031905
2496419
49878947
39196579
21272486
48175014
10459043
43718569
76814243
22026157
79042479
61085617
61118387
4888502
60299191
38836156
36607933
52467652
65902550
49125336
77273049
52762585
88020954
44177380
64788455
28940264
87431148
10655731
3282945
86972424
87070731
51746832
69802001
6985747
33626137
97785881
15210522
16521246
55875614
85530655
73308201
91953196
78518322
32938035
47847480
1742908
39360572
45488192
50042946
22255688
83269713
54433874
27465810
92149843
49846357
47683667
70195291
44701791
39196767
61937763
24254570
6559858
74651767
46897275
60659839
34609283
99326084
43980933
59316364
83794060
8558739
4003988
31070357
24746134
47814806
65837213
53090465
8263843
3283117
73832627
61184181
58693815
22026439
20748490
9279691
45258956
66689227
29366479
43620562
38967508
41752789
77764822
55154906
2103515
74324197
86939879
36247787
16193773
62068980
9246965
93526270
27662591
13834496
74422532
6265094
18258184
23828747
77535509
54794517
81729816
79993116
50403613
51419421
24287521
46045473
67606822
40835368
60135727
23533873
78256435
65804599
69540153
95197500
62626113
