69507399
28711240
84449608
89594187
53614924
93821259
79632718
6199632
71211344
18815312
73079124
47814998
54270294
26024280
98212187
84351330
69245283
79698278
37427559
62298471
47815014
29923688
64100717
77896047
93428080
34183540
33626498
50534787
19536264
99785097
66001288
11016595
2726291
99228053
22714776
268698
8395162
62134684
26188192
91527585
69212582
2562481
20257201
25663922
88447420
74226113
34347463
20257225
3643858
49191384
33954267
7477724
64199133
2955742
65280481
31922659
88840682
7576044
78486001
18258430
85957121
53713410
78518793
26909193
58825232
20879893
70425115
33593884
43293213
99031582
7445025
92281378
5478946
73243176
86841901
20748848
69540403
44472884
15637047
88414779
9312836
13244998
8329800
7838281
53746251
73996877
50240080
40868433
99654228
88840789
93330009
83892826
54434398
41785952
55679591
59218536
88906343
64264810
27138670
63445626
8002172
73734782
88513151
70392446
40508035
31333006
3807892
38640279
65608344
74193559
72348
70818469
13179559
42375847
5249708
54205101
3807919
58890931
25074359
66919096
69016255
64101058
31529680
31988435
18422487
94575324
69245662
65477346
40770276
90479336
16095978
66657004
42605293
31628021
75864821
83499768
10656507
44440321
88709889
34872065
27073284
95099653
86088454
24713996
36281100
39820051
30055188
99130135
97721112
7215901
4987679
17079071
64232225
54434592
50895652
90413861
35593003
70785836
67377965
51190573
35429169
37591859
14949173
52960053
33332026
50961211
45587260
17603388
42572606
38148927
78322496
44702532
51878734
14261081
65739612
83958621
71277410
91593572
3414885
52566893
4594548
25828212
76651386
26745723
7039
7412608
92052353
82582406
91200392
3480456
48143241
76520334
97328014
8231836
10460061
57744288
50404265
12589994
99589034
50535338
76422061
6986667
95329205
4398007
53517244
14982078
40344511
72641
26123203
60660680
35363788
88382413
92838863
61873104
41393117
80026599
37723116
92216303
6953972
34216953
55483389
37755906
58301444
45653004
8789005
64134160
31431697
70654995
24189971
85040149
12917783
18881564
3873826
92478498
1842213
33004584
36183084
47848494
17964102
20388936
99687497
28023880
41229387
70982735
59382864
41819216
25435222
88382552
31988826
94968923
51616863
62332000
55385190
87956584
23305322
98835564
13900908
37723245
28679279
97885297
70917251
13933702
32873611
34348180
29236372
17505431
78781593
72391833
2956450
24779946
70950060
65936556
51551406
44309676
54664370
6593715
62823603
3218613
20061366
95755443
29138098
81042619
50732224
48372930
91200709
60431568
9084121
41360601
34905308
74095838
66395359
84909280
2432225
67181793
59055331
46865634
67378412
92773614
6921457
9903345
84417779
8985843
42015989
73800947
40738039
55188724
32283897
93822198
6429941
31005958
924934
16981258
695562
56106251
93986066
62790946
64527653
48471337
81403184
48110897
39230770
99032370
9739572
5807413
41360696
43654463
9542976
93953346
14916932
53878088
60431689
67673417
80026955
34118984
65412429
57154888
99261777
26189139
87792980
23141719
79207770
20553052
32709981
44670306
17046883
31202659
92347753
43195760
79273332
63741306
83533183
89857413
39951750
32775566
34479503
94608783
13966737
7019923
1940884
28810645
56302997
44637593
62430619
54795678
78093727
5086629
71867816
9805224
2694576
35790264
81305019
89595329
96968130
53091782
32710095
7937492
62397910
54500824
83697113
24190426
9608666
93920732
18488796
29564384
42802661
77045224
22420973
25009647
8134130
25206260
31792633
54074876
35888636
83467788
48700944
79928848
23371282
25927188
49028630
22093339
71900711
47226407
61316650
29761071
68460079
72457779
7413299
57646644
17899062
14360121
79699516
54435388
4791871
31891007
69705289
12590666
95100492
31923790
47095375
86122069
26025559
63577696
8068708
1252965
73080427
47619693
1384055
51519095
93363834
85368443
13966977
91627139
19996295
59350665
43490954
1580683
24256137
55713423
17211026
54894235
41000604
2793118
4497055
71835297
57384609
68591267
82615973
78159527
13246127
73899705
2039485
14032574
59252419
64167619
26156741
32841412
32546504
29269707
42114771
82681559
8396504
52797150
23011048
78257900
56794863
25534191
90840815
11804403
78978805
64298755
32186116
71573253
33038091
66395919
9019153
37723922
89333523
12558103
99589911
21962519
36740887
64954139
8036124
37986076
91758364
55877410
50077474
91266853
10788645
23830311
48144172
46505774
68427575
38313784
19799867
40410940
34152255
49422148
34021199
40083288
84025178
66297691
60825437
87367517
9510751
17014623
51781477
45719400
86744936
34119530
15867763
16129909
38313846
58597241
78815098
3841922
34807684
36216711
9412493
87891855
50700175
58695572
40148888
66527132
63938462
2334623
89431966
78290852
69836709
99360677
6889381
26124200
27565999
90906546
55123890
80977844
28057538
89333698
90382275
73244617
51027920
40214482
92086226
3121109
31563733
59908057
74686426
71704543
63709152
7741407
12853225
7675881
12263403
59809772
63381484
98836464
4268022
9412603
96313340
74063868
56369153
29597700
50470922
51257356
12951573
43687958
24846360
5480473
29302816
82550816
37625891
2105381
6004773
7938085
84811816
69214249
90873918
61153353
62169162
44113996
54042703
79798353
44933203
76947539
82518100
23502934
36937817
85041242
57581664
65839206
18751598
29433972
97853556
2105462
91758713
42213498
73441406
9412735
61644928
93397121
97525893
21078151
56172687
25043089
17506450
75800723
96149655
47718552
10690718
26878114
96772260
3023022
33038511
40804530
65970356
58892470
28647607
41885881
89333945
57843900
66298045
8380
90251458
29663429
57974982
39395525
47063237
50634957
63578318
21438672
67903696
32514260
40640728
71344344
5284058
66887899
94773489
65773810
631026
72261884
12525822
18587909
53321990
79601940
89137429
72753433
80486684
35987742
27107617
46178594
89334051
62923047
95330609
39199027
22454581
53715257
17998138
63938874
66789692
90743098
1777980
3612992
11706692
3285323
17244494
55976272
81961302
96510300
57975144
75047278
64987504
32514419
91824500
36020595
58564994
11084164
29696390
98410894
79733135
2564502
78389656
95232409
24945052
22618530
21209509
96117157
82157990
55615912
54043058
34939329
89104837
99688901
12526023
29663688
45720009
55517642
21963211
32580042
52077004
24551878
64758223
78389707
3023319
95691230
39199199
97526241
33300966
97133030
71344614
11149806
50733552
10428916
96182772
83894774
35955191
95953401
25534974
51388931
71737860
78848519
80519694
79045139
68526613
66855446
33333786
36086299
8069660
88089115
369187
3940900
10953259
56271404
26780203
91890223
85271087
56304189
17506883
38969926
82256456
68067916
74555984
24191577
56435292
5317215
67215971
22848099
97231461
93626982
10822248
51782251
35398257
40739442
52208241
56435316
29729401
28680828
52830848
51126920
22061705
79438475
6922891
37954187
43262607
97854116
56894118
96281255
9052848
26452660
98214584
18326202
32940737
66888388
60105417
9544394
77701835
68395724
15049424
60760784
23634644
1712853
59122395
5219040
17081068
88974063
50799344
55911154
92021496
80159481
59220731
8168192
81928962
63775491
9118474
34218765
93365008
3842832
52863760
28680982
10789661
53191459
28222246
42115878
2171688
5841706
84878133
27370294
47719224
53814075
27075391
61514559
54862655
43426628
16622405
14787403
35398482
80323411
24191828
6398805
19899230
16884581
93758310
50799465
91464558
9347950
6136688
18228078
45294452
71672696
16425854
10593151
2007936
80946053
60040074
65610636
15049613
74261390
8299409
48571282
95757215
48866208
25076646
14427047
71312296
33334185
25732011
76948396
29533101
18195374
40608688
93004720
45556666
79864765
4694974
631741
51880896
38183872
86385604
83829705
93430730
15147979
64889804
79176652
74228686
84943819
60629971
20358102
46900182
70853592
93168600
49292250
22291419
9446375
85795820
20816878
77997042
60040178
92218358
6267895
30778360
69837826
47260676
12690436
12133383
76129288
96642064
63054872
53355544
84419610
16622622
74916900
17572901
38249512
72361002
86778936
91202616
14820412
79242304
21537856
95626307
59155524
49783877
30057547
1090637
54731856
58893395
70132823
53191768
65938521
12231771
37397597
32842850
35300451
54699111
17441896
83960940
61711470
95167600
26682482
3613810
7382134
55551095
30745721
83829881
48014460
79176829
43361406
77636735
60957824
90154110
79012995
94217349
51586182
67150991
94446737
81568920
39396505
36381850
73475227
36119705
4891800
62923942
1680560
85959864
64922809
45196474
17179835
91333831
59417806
9053391
76096721
91366610
70329553
18097367
65742042
11314399
50963680
44672229
77505775
41133301
37037302
43820277
16098553
78718206
90383617
5448964
71804169
2630922
56993035
304398
52110610
60695827
56632595
98608408
42083608
75212060
43492640
19834149
22095145
90875183
34940207
56141103
83240240
17016119
32449851
99132732
31499581
71181632
37233985
60925249
17343811
95954245
87663942
50636103
16360780
37070156
23766350
2336080
86091099
75572571
5416285
