9348472
16491905
82814338
55518595
38348164
88057221
59909512
74851722
68396427
69805454
61580689
90088855
82683294
14001569
28255654
42313129
74032559
96249264
91006395
15017405
65971646
64234945
64464329
76817869
32941519
34350545
14853589
35988959
48997856
32220641
75703782
4302316
84059629
75113965
18982383
61974000
62137847
88614392
53290493
84846078
81339905
56108552
61285899
69707277
78521870
59155987
22062612
98182680
81339929
13280793
50963997
18425374
33629738
75212335
42477106
58304054
54535735
77375035
69281340
80258622
3647039
64792129
38905415
61482570
13608525
73082448
47261268
66332245
21341789
92907101
36415069
58009183
54503010
21374570
27076212
19670648
93202044
36808317
15705731
21472905
10495630
35333775
26027665
75015834
81897120
18359974
24422055
14362281
85108393
8529580
95725228
23275180
8595117
26257080
8103611
49817277
48965310
44246720
47294146
55453379
49260232
49522378
70788811
48932558
72623825
98051794
63088344
68626136
38184664
95856346
80029404
77211372
52307693
52635377
37824242
73148148
30746357
96315130
57911035
88221436
13215493
18228999
6268680
11904777
41035530
40642317
29959950
27862800
1648401
8759058
99657491
60630806
51095324
29370141
25601828
89958181
60303144
39823153
97134393
6432571
15411007
54961986
95135560
26322766
43165521
70362964
19900248
37037913
62662495
62662496
4204388
30746468
86878057
60827500
72525679
62039920
62138227
44803955
29075317
94971771
30549886
87107454
4597632
56076165
92514182
88483718
85174157
99461009
12724115
14493587
35301271
85469081
74950556
84912028
22685598
64726949
9742247
55945129
20096939
81569710
69511089
14329780
141238
73344953
76720057
69511102
34187204
20522949
81373124
71903187
11446229
43886549
90744796
45197276
84748256
46442472
57255914
56403951
42477554
72624115
74196981
83339256
66463737
60631037
69740546
89008136
52373515
92940300
59287571
28518421
26585117
43558943
4106274
1517606
7776296
80816168
64661544
53159977
21964846
81340465
37103666
82061371
16853057
11315266
62171203
1845317
73181255
48015432
63875145
73050186
95004747
57419850
41166923
14821456
48801873
51816543
60762211
8824938
64301171
35563637
48605304
48539769
93759613
96938115
67610761
26323083
24717452
83011725
78129298
71346330
75376801
41592999
29042860
65775789
67446962
26192055
68790457
37693631
47425729
19638467
65415366
99625159
60598470
53815498
4794571
84748500
21932245
52373720
8268001
54503655
28223726
73541873
59943154
99363059
44280054
96020731
80619776
8956160
96053505
35662085
48474380
81078542
1419536
93890838
93890843
38643996
87271716
93759782
49948967
23046443
60959019
15116591
10692915
25798963
55421237
80259383
54569278
52832576
6629700
2238791
79571272
8399175
92186954
9316683
32483659
13085010
34023763
34220372
20556118
23144794
41462110
30976360
57026922
63154539
51652971
54667630
14068081
1485176
43264378
79014273
89368981
61319576
6859170
25012645
33106355
15903157
11250107
14002621
63056324
37202373
45623759
29403603
45165012
44378584
97724890
13511131
34810331
4139484
63449565
77769183
33303007
5515745
1288680
86125034
82094576
59976177
28158450
79112692
93694454
37726711
39954934
82127359
57256457
81930762
70330892
32025115
8563228
86157856
83667491
61352489
93006382
15936046
19606063
25340465
87239217
40053297
1059377
28715573
94906933
39234098
36579897
24193595
96381501
49490498
75541068
88484432
35564115
7940697
21342809
98839131
29076067
71248493
56830587
83602044
95464061
79014525
53193344
33827456
34810499
43723398
24586887
21441163
37825164
98609809
78949010
23308949
43788951
80685721
58108569
44509851
28551835
9677474
78949027
84748977
38218424
97888953
55421625
75868859
99691196
53914299
20196030
6859449
43592384
61123256
96381628
21113537
19540676
62204609
10398411
94350028
16952018
73837267
24881874
11512539
65972958
58272480
30026467
73214691
2632421
7121636
96676584
37399274
54373106
5745395
14527220
83962612
52243188
59419378
30124797
63056641
51751688
29502216
81439501
18590478
54045455
40971028
89074457
90221345
1682213
77540135
5352237
28519214
78195503
63253302
94284600
49883963
59190075
9218878
42380097
37759812
80456523
25635662
58895192
83438426
13806428
2796381
50572138
59190123
88550253
14658414
49163119
31435630
83831667
24849267
15051637
58239862
60337016
11348861
27798399
9808769
20523914
98085771
73280396
22326167
21343128
86322073
1518492
32418717
36121507
49294252
27569072
25177010
96349106
49621940
38677430
19737526
37956545
13970371
34843590
21146567
49228747
94088146
53750744
13478873
72166362
73804765
34843615
51194848
14691297
78654440
75836400
90582005
8825847
26258425
76786685
73051137
91532291
75574277
55487494
87043079
16100360
34253832
60468234
48540684
46017548
37366798
23833619
5712916
90483738
81407003
13478940
3714085
4369445
92548136
97004586
35662899
61287480
57224251
5188669
98118721
74361925
99101768
71838795
87927890
98905179
91499614
28945509
1715302
45689960
535656
18066538
95300712
14003306
75017326
80555118
95825013
5254261
26160250
53193854
46869632
41987200
6761604
27372680
4041865
95431819
52571281
26094742
67579031
22719641
41888923
97856669
46673057
18754727
53521577
48377002
37661868
84356270
12299443
33795253
63614136
79932603
17411261
35204287
62762178
68594884
28454093
72264921
23637212
63417567
10005728
86945014
70692089
71970042
74657019
5680390
9678087
23801098
71576849
36515090
46738715
23801126
22326566
54766886
94481707
9809196
3419441
52833587
25996597
57224502
10104120
29601080
28552509
38939966
93236541
64859456
73313602
85863748
70036807
15609162
74001741
79080781
32353617
34385236
16821590
45362519
55881047
27176282
93400422
70298982
81964392
17608041
35433836
40578415
94678394
43593082
60140925
16919936
94285185
35433872
33795473
39890322
74526101
83045789
85372319
24358311
65973672
56438204
76950972
44182980
96185800
42380746
49786321
23997907
77245909
42577368
57880029
85503454
36318685
55422434
79441379
52637157
88911337
10005995
74558956
7187949
53947887
45166064
27504111
66891256
60370432
53947908
38841861
15183364
64957963
76099089
11808279
75148824
15969817
55225883
19869214
30879263
89927198
39169582
15969848
