97530415
91796020
35107384
99365435
34157125
40284743
48476747
94155340
4239963
92779099
50344542
28324449
39105128
92222058
39465582
44479089
19477107
38154888
78295691
23573131
49263246
24031889
61846162
53228179
5845652
49951381
59617944
21770908
86815388
92943008
34910881
55521954
91173545
30749354
69317293
23343789
62960302
97890992
33764021
36156086
2568891
84947643
3683009
81539779
29569732
42513095
34157257
93237963
62010061
57193173
60764886
51753690
71217883
8794846
19444451
74396390
8041191
95597288
33043176
7746289
39596785
74461939
32649973
8794870
83997434
52605694
46183167
32486142
71086847
50934529
5026567
35205899
45101836
50705168
27603733
33927958
44217117
96547620
31961893
38089508
85013287
46445352
32650028
10564397
75739954
94942005
19706682
70923069
62272319
85275465
29537098
20099915
82817868
69743435
22786895
31896400
90452819
36189013
25408342
30520151
73315162
69514076
11252577
4535140
45560680
13316972
99038067
36549492
25637749
8762233
32977790
46609283
8958857
43234185
87339921
61518741
14857109
22295450
24982427
78295968
36352929
56701863
35402669
49525697
8008645
36451272
90059720
45528009
41235403
78230477
88388557
40022993
57717719
10826711
50508759
33534938
33895392
54309859
88749030
98350055
93205481
27538411
56669165
17445881
26227709
70792189
74691586
90649608
18232334
8369167
28816400
74757138
72954898
20984852
44872732
3617821
33535006
86455327
13710367
26981410
51459108
86357034
8729644
69514290
51360822
98874424
9614396
20591678
95499326
72037440
60634176
44610633
21607503
24622164
47232088
33895512
60437593
36975716
42710118
73020522
82359417
28488829
66925696
22131842
91468930
64697480
34256010
62928010
41858188
11023500
24654987
95335569
36189329
48772248
84391068
6108321
64074915
62239908
6108326
43627686
30520488
58602672
63419572
21443775
76461248
46740677
79901899
38810833
19969234
34190547
57849044
10794196
43824338
75019480
33469658
81900771
61289704
60208361
36549867
66630894
8565998
37303536
99792114
5715187
52344052
39302391
7451899
96646396
53196031
31601920
71349505
35206402
92124419
52901124
14660869
98678031
8762639
74790162
48641299
55358739
53654804
55325974
75085086
90125606
50574634
48641322
88126773
66696508
39793989
79017289
3519823
88749392
29898068
17610069
87930203
94451046
4142440
30029165
40056177
90223987
22492538
97072509
16790910
3192191
30520707
22394244
29078923
75281810
88520082
61224339
35698069
51197335
81016218
8041886
64599455
56407463
25048489
49427882
85308844
64402861
45987250
17839539
93468085
8369590
60241338
54113726
86554048
67384773
55489992
26195402
22263244
59454928
18167249
58308052
81901020
38843869
2962914
54080995
58045924
80721381
99694058
43070956
12629485
67810798
73840114
37467637
52114935
20133372
28063229
94647806
96220670
34125309
38614533
15939077
73381386
46937612
95368717
73250323
75052563
82785811
39761430
41694745
75740700
45463069
45528606
41367070
44283431
92550696
18822696
40547884
72496685
29996588
34944563
77411894
31274552
53786169
18921021
55752255
42448460
96777814
31897175
30815832
26130009
46216800
35796577
64403044
76428902
10729063
31012457
79471
22754928
61552240
9778808
34027131
55031433
12957321
69678732
19609236
13678231
76297882
86161051
82163357
88389279
67974817
38745770
96155317
91043510
58832571
53229257
84915915
77215440
85210836
75806424
25966298
88782555
75773660
31799009
30029538
36845281
29112046
10008303
85341937
95696632
81442553
31602427
43366142
85767935
72824574
33535745
407294
18986754
87897860
97269511
35534601
11613962
20559636
62961434
14923548
71153437
66565918
2570016
82818849
9025312
88880932
43759396
88979239
38287144
82032423
1259304
53753640
32978734
82982708
75839290
51885883
81180474
46905149
65058622
57784128
91240290
12367717
67385196
65877870
94058351
37369712
29505392
8042354
92288888
66434941
71251839
72726401
8206214
91633562
38713245
63846304
64403361
83802018
62732194
19543970
65320869
52049844
93927349
96122808
48576441
85702586
14432189
69875658
22460368
58013648
89831376
89110483
97597396
9058261
95467489
82786280
64665577
85932016
26294258
49100787
37304309
36452343
51296249
63813636
5388292
40155142
50739209
26327049
22657035
49133580
41957388
90224651
18724876
19478548
17578009
636954
374812
51296284
90978338
46676004
56637478
15874089
40253484
33699886
65091633
65386555
81868865
83343429
57063500
51001435
10238056
65845357
39532655
669813
46282877
15251583
29440128
25671834
25475226
31799454
21969054
9648290
68860069
5028008
91928746
63256748
63813811
53885111
66533567
92125376
12073153
27375808
55785667
13383876
77772996
29276360
31013072
25344220
24885470
46184671
55228642
58570983
68827368
70531310
84982010
60045570
24656132
50608392
26032395
58177805
83409166
38811918
76626196
6797588
1849624
79051033
801057
84588834
61159726
82589999
80492848
66238769
29538629
68204877
36911441
40417627
71285084
33175902
31799649
34552161
76953954
2963812
57686382
37501300
82655606
67352959
8927616
37468544
88095106
27048322
3160455
33798537
87308682
73087371
93141390
48347546
12007839
113059
94484902
83245483
85440940
48380340
3619259
37468607
52804033
22591939
4241861
89307590
81377735
34159051
84687307
41793996
72726994
89242074
68827613
64043486
53688798
38222306
35011049
14498290
19479028
73841142
38353402
83802624
7453188
7125510
24590856
84392461
78395918
41105934
32422418
80591381
18332190
57621022
7256608
94190116
17512997
37009958
9255462
13777459
52247092
38582841
84195900
36485695
39467588
35830341
67975750
44481097
59128398
50674254
34290256
93895251
46905940
22886999
12008023
67222106
93502047
2177632
6371939
34978407
53295719
77118059
6339183
55196276
44186229
33602172
72596095
23542402
36813443
86620804
473733
41466499
72792711
63912586
41892494
72563343
84425360
35338894
4373139
13810327
31603358
36879008
57883296
26294946
6306467
60701349
45660841
76593834
87505579
84851371
16333489
7944883
48544436
47528638
8239807
47954625
15743682
74365636
30849734
13449939
98187987
97925845
6830808
47823581
21838562
76561124
86325989
29309669
23968491
44579564
8665837
18496242
83311347
57948914
10205963
22231821
78756625
44579608
12827420
83049253
81247014
15612711
27441962
73906987
10042156
57129776
94550833
70728497
22952762
30784316
26098496
96451399
37305161
22887251
90848084
12696405
60341080
74201948
70892386
27638629
67976040
72858474
61225841
97631096
92978044
80526206
91962240
32914309
62274439
83442569
70859660
9354125
93404044
85506965
13351831
49920924
69843868
44841887
5749666
22887335
3554219
95304623
15645620
94124983
5880759
96418745
75447223
90848185
84065214
95796161
82164675
63093701
59096013
27212750
90651599
18660309
44317657
34847706
81476573
41696225
36322276
23608296
11779051
27409394
14662648
52116473
96254971
76266494
65485828
34487301
10763271
94747656
19446795
41401370
81804317
14203933
94518303
28294181
38190119
34126888
42155048
75054124
86490166
79903801
78560323
40385604
57424964
79641668
83442759
16989256
38648907
44055634
77610067
89635923
40352862
79641696
63257697
17808488
7453801
35929194
45038696
89701491
86097012
20397173
98516093
88652926
48053383
81968264
79215754
98417804
57261197
23968913
20429973
96779418
12336284
89832607
2505889
6995106
88980644
12598442
18922667
8174765
30686384
88128690
92388533
32160951
23313597
77905086
75578557
53034175
15776965
43171030
23772378
84819165
7453920
98712803
62307555
61390053
86719716
96320745
55688431
62504201
9485584
81214741
31309080
57359640
10009882
69254427
4767005
96648482
23313701
93437225
6307114
20757804
22035769
88063300
9518407
45301063
36683079
36224332
89832780
18103629
90291541
6176086
18955615
29048159
97860963
55655789
94616942
70237552
76856691
69451128
76692862
8535423
13614467
86687115
96714129
32325012
5488025
87113120
28360097
92192167
96976297
76070315
56442288
84819382
95534520
23575993
2997690
68468153
74825162
26492363
12664268
16170443
34848205
86982095
82427343
66895307
67583449
87408090
74857950
22592990
15121894
74137067
23379436
99630573
71548397
49724911
79805936
95829490
43990524
50019838
14368256
5619211
8994315
99958285
17808920
60636696
6110748
58605089
42319394
98090534
23084584
73973290
67321389
11353646
84262451
7257653
62307901
22888000
33832514
19611202
81378889
5946954
72826442
32226889
44645965
9551439
52575824
31112785
19086930
25116242
57753183
89570921
26689132
98090611
24526453
67845758
42122882
66403979
25640595
20397716
89767574
49299095
67157659
64208540
35765918
88555166
94584488
62537386
60866222
11484849
1883827
86228659
81510071
11124414
51166915
22691527
61521607
77610699
33668817
69680852
3587797
12336855
77020888
8371932
91733728
27508452
10075878
30752487
25607920
65552116
69877493
9191158
47333112
62504708
57687817
92716810
76365580
26427148
31604494
7094037
55525141
93503263
36618019
60047141
8765226
99499820
44252984
10108733
769856
79150912
37175107
10108741
1425225
245577
27770702
56606547
55394133
26984278
28327767
7389015
