90062677
81313635
51724138
55820143
62668659
99630969
61783946
39010188
97959821
8077202
3948435
75186071
50839447
42123161
12042137
47562652
87998364
39829413
73056177
67780534
82722745
6799291
47431618
59457474
21381069
31178703
61325268
76398548
96387033
51527644
63455201
51494883
47038436
25608170
5193710
70303728
27443186
69255161
36061193
5881868
12107789
45563925
82558997
5980183
86360090
74956832
55558182
13352999
60538929
75677751
74727481
20135995
42844221
82100285
61227071
19742784
55689278
33603650
28852290
85180485
9257030
17809478
87015497
45957194
8110154
29212749
1622094
51822671
94322765
23871566
37175378
65880150
14631000
29376602
53035099
62767198
70402144
94191714
26919029
87081091
94453891
12959882
9322635
54313100
4014229
68042902
69943452
60866725
38092969
89669802
11616432
90980530
84295859
41271477
87376053
33374391
64176320
7422147
90554563
50282693
20070598
81871045
51495112
30064835
21807300
83378387
30163160
56017112
6897882
66339034
33865948
54214882
59195623
85737703
74760426
30523627
91930870
78299384
99729658
68993275
23183613
74596605
26657021
99467524
45203719
72270090
25674000
77152530
92389659
64110876
94781723
32719135
6537505
24953122
6045990
44220711
98124096
10535235
92979525
39240006
27083079
24887621
90194250
94257485
91373904
92553567
25903455
70664551
9912682
2310509
8831343
19612016
93733234
58507634
96878962
16925049
34488698
66797946
39764353
35307909
50413957
17351047
41533833
87736713
28557712
81183121
77414807
10764699
90587548
76661152
55656864
9716129
74989987
77218211
32620964
48382378
86065583
70009270
55656889
37634489
89866684
32948669
47628733
38453692
52937152
72860103
89309641
21643730
58311122
8372692
32195028
84034007
51233240
2834905
84525529
57426397
36553185
83280355
33833443
50348516
30130663
88621544
54247919
39535087
82756084
21447160
48710140
77939197
9748995
26034693
16007685
67879431
42287625
11059724
25805333
11616799
27804192
40944162
1819178
10535467
70894126
14434866
84951610
13058625
53461575
9585224
51331657
60834388
36651607
79184472
46744155
64111195
82529
65880677
99304039
1196648
69321326
59949687
13255289
86164092
19153533
10830464
6767236
47334037
23347868
37208732
83935903
63226530
9880229
41468584
67257004
74236588
7914157
84198064
85967540
3359413
49529527
36651709
58114752
73122501
12075718
76333769
74171082
63390415
50643668
74007256
47694554
71090912
5849827
33473254
91439851
31310572
10568440
45957881
38486782
27181824
26592004
13615879
76628743
22856463
71746321
16630545
90620702
53297952
3064610
11944739
71320360
27935529
61883177
79741746
62931775
85836608
56279873
98911049
5063503
15975249
54969170
43434836
83641174
58213209
83542877
81773407
3359585
64111463
7652200
18695016
77316969
13747058
11551608
2704249
41665407
38290303
31441802
78070667
57754511
56411024
32064405
55985046
74597274
87475098
84362145
96256933
20104103
88621999
44483507
49824697
56017853
67421120
3720129
94258113
55985093
27739080
43008974
73188303
3621847
33571809
97666020
29737961
51594220
19678189
6964213
40682490
76301306
10372096
26133504
54510599
56935431
20202508
89375762
47465492
9683991
43762712
16761882
3654684
19907612
46515230
23479326
97207328
73319457
7226402
80790563
73778209
14304295
23479335
58278953
65946666
97338410
33834030
48186421
47236150
45171770
29475899
98354235
54936642
35472457
16270411
25183313
42746964
15418452
22987862
87278682
31310940
88228956
9225315
77153380
58606698
32687211
37897325
8897647
85836914
55100534
89900154
27706491
76694654
95274118
17810576
78169232
58901650
72729745
17941654
12829855
56673445
78202024
53134507
22660267
61260972
80823474
12272819
52217011
57328821
13583542
22037687
37668023
15713466
66667709
37799110
29738184
42157262
96388303
2901208
6407389
86295776
83805410
83170
66602213
67880169
836842
804081
61064440
31474942
11126020
18728197
78234886
76399877
84133127
33342726
56673542
23446804
90162460
77055261
28787998
33867041
73155875
66503972
44909861
68011301
74204454
13452594
1787188
74564919
32720184
45434169
72271164
99468610
53953860
11683141
39077188
3589447
94946633
22529353
65586511
97404248
574815
63030625
98026851
9487716
87770469
46318950
33080679
10274150
68207974
43599207
55625066
66143598
95962479
13157743
90195316
48776568
32458106
65979771
17024382
26559876
81020295
72795528
66438542
1000854
29935001
6374825
19219883
33211823
574896
16205232
18728378
47531451
52315580
14534079
51725765
73680330
94684632
55395803
82298337
56444386
99108325
34555374
48481776
34457078
62113272
17122811
59491837
12797438
11093506
21349895
29312521
20006409
84297228
214542
116242
28165658
8701469
69289501
5555747
26134052
19777059
5490217
62834223
23643696
33211953
92948018
83183156
26035769
65455676
90588743
345673
15910476
35112528
18073173
16991829
67257942
54249046
65881689
7521893
64996966
11290218
19482221
25151091
92096116
12895872
24495751
2868873
60901001
86099597
20825743
91309713
51234453
91309728
82396833
92358306
3720885
64374455
34817720
29771448
28952252
7030463
9389760
13125319
66930376
24364745
81118923
96388812
5719755
59229906
13387474
82560725
42256086
68044501
33343194
22365917
25413341
44386015
32556768
31508190
59655901
15091427
56313565
89081582
74401520
18925297
80594673
99600115
29116153
75548411
25872123
10438397
77711102
94488321
85608194
13846275
18237188
66012933
44844805
87934721
45664008
91309832
74401554
53757715
31082262
70797079
87050009
59033371
68110109
5916447
15255335
52807464
31508266
36423470
28395311
96683823
72599348
57460537
96388923
42157887
1754945
7522125
53528400
99108692
92292948
41240406
41011035
9652066
68700007
45926253
84658038
89442169
99633018
33671036
64735102
33113988
46974854
82167688
83576714
97503115
42420106
65062795
25118604
62965654
22562712
33212319
98813858
55723940
32786341
18499507
23447476
58673077
76728244
87541688
7063480
65292216
16500668
84264894
64145342
97241024
35309505
7194562
63096771
11093958
20531143
32262087
69715913
30033868
83675086
90097616
46974929
43108310
36423644
52185059
6277091
40716268
73713646
99567601
90327025
77645812
75352057
57788412
63031294
15779847
88524808
90163208
51103756
39471118
52054031
56641558
91179035
45697052
36554786
91441190
74729511
64309288
18008102
48777264
62015540
66963510
42682423
13977655
80463933
19712068
59656261
64407622
40945735
13715533
44582991
29247571
97011797
62572630
24070229
58443865
59066466
88950889
5982315
55789678
93898873
90359931
79218816
12437636
82462852
23283848
34261130
58050699
35801228
91244687
19187855
19122321
33409173
11487384
94718104
4999328
38520995
77744292
68143267
40749222
41502891
90851506
12503221
55396537
40192185
63883450
32655548
87083196
8800447
62441664
62736582
72042698
39110874
42191073
98224353
6867172
61163755
91670771
29673715
36554997
99338486
43469047
70174969
28231930
64309500
78563580
9095425
86329602
608515
86591749
23185672
8800523
57755917
37669135
53004560
4016399
61950226
77875479
25282850
20236582
97405222
2935083
89213227
69585198
20171056
74041650
60016947
62441780
88197429
90392887
17451320
3033403
23546183
77547851
22006097
21121361
29018459
49367388
4508000
12994916
41044326
93276520
49334636
76990831
70699375
78039413
46451063
70240632
69519738
4245887
57723268
3295629
13257109
82659738
56084892
6375836
84822455
79940030
22366655
45828545
74729923
25053643
26364368
43403729
62147025
82135515
66734562
43174372
58640875
38160876
44059118
5392887
96061943
70109689
4442619
75844092
3951113
29116941
52775438
32688654
72698387
61688344
87837210
77875739
57264675
41863719
72436268
43829806
18303543
74697274
40520252
67193407
28330560
61262415
21613136
63916629
3164769
69651041
95111780
30362213
64604774
39340648
68242034
16894578
11717235
37145207
1788538
40782465
96651910
9554567
63851146
18107018
9620109
76696205
43731598
53922449
46582419
76204697
9390747
89737884
90524322
48777892
35605159
49433259
89770669
11782831
57887408
49531569
85838514
37046973
85641918
28658370
82889418
63916746
26069709
81021645
969425
40848082
66177747
82987731
74697426
45271769
37472991
71060191
58837733
57395946
48810735
64277232
14961393
16403189
59198201
78400255
97635073
22760197
53005061
8506124
50613004
7686928
54905616
83217172
92392217
57658142
74304289
45632292
9718568
40061737
57133866
15551275
87083820
45959983
12438322
47926066
98061109
61360949
94554938
1395514
23186236
93506368
72960836
99011405
55397200
34818897
56642387
27708256
29641570
43436903
82725736
22596456
5819240
88623981
5000046
69684080
99142516
73354101
57461622
54578040
78236538
19516289
94849922
8473478
8932234
41241492
20892571
14535582
42159020
16075692
59362226
91376567
61623223
57559998
11914175
46484415
33999809
97700800
2476995
6343620
87673797
90295237
51694534
25906125
37047246
30821328
89902038
63556567
13683673
89967582
52612067
68537317
98978794
54250475
66472946
63753203
83774454
24660986
36948989
23940097
34327555
43371535
71814160
48221204
18009109
