62147608
39767064
85052443
30788636
80890915
42683432
4967465
24235051
49302573
98192435
73714741
90721340
96488514
33737797
23514187
32885843
21515349
86854742
30362711
57953368
66309209
35802201
37866589
56806493
70044767
1723491
31607910
68996199
68471912
29445224
77778024
25578609
76663924
19647607
58510477
14961808
12143764
35769497
67849375
97307810
42781866
13683883
3132590
63491247
86461616
83283128
33934521
59395258
70569147
16960699
48155836
27053245
24530111
58936512
7752899
67488965
46157000
70175952
96488658
53464276
46648534
22301917
56151262
81054944
57167076
39013608
27675880
5852394
36523244
9030904
78826746
25775354
4541692
72404225
86166785
81906947
7425283
21810440
97045775
30723350
98749727
13618470
24104233
95407402
9620785
80923956
26070329
69717308
67390802
41274707
11816281
36654435
78138725
87739754
32755052
60444019
4574583
33213815
87182713
99896701
65228164
43568517
93244808
50580873
30985613
63425939
41864596
90590615
34721179
37211550
42093985
64900514
48614819
18992551
73256363
68439467
25316786
4246962
25021877
2379189
4771255
9981368
87575994
37113279
53169603
62082500
56741323
75025869
27446740
46321120
88460768
47468004
61066724
94817766
76565993
93933035
57331187
90197495
66145784
46124538
68865532
84758017
84495875
26267139
42716678
86625799
76303880
85904902
34950669
55070225
29642258
45010451
25906712
39996954
85839387
3919388
18075162
8932894
14634523
18697760
42487323
52645411
83185189
51138091
98225710
4443697
7622194
73616946
45174325
66866741
78270009
72142395
93015615
68374094
93834832
47271504
49925714
19058258
19844698
46911066
54152796
90230373
14503525
48615015
95473256
65556075
8244845
88985197
53137008
38915696
9522804
38030967
39112321
20762244
30199430
97832594
87412371
56479381
94850711
82988696
12701340
6868639
53530271
92688035
73387684
46059172
93802152
2772654
87445167
1068720
58248882
95145651
52252343
94457530
24399547
20631233
30068421
3493586
30527191
59592414
96161506
66965222
52973290
88887022
60149490
69095158
8834809
86953725
23809794
67424003
47075080
78663435
47664911
23187217
26398484
69062420
92196633
17911578
46649118
44912417
21614376
7032621
64245557
39767862
82038591
31444800
6639430
55070535
82890568
90394443
32362319
63524695
62607192
65228633
61329250
2576231
33050471
71192424
49368937
37932910
60247918
91344754
68505458
58806133
90001274
17551228
57593730
60936068
72830861
82005903
89935760
43634577
77287315
25513881
12373915
88756126
6508447
10833823
57167781
28757927
93736882
99504052
93441972
25251772
86626240
95932353
15093696
774083
72175555
50810821
13586374
3985358
79744978
53956566
25972704
27152353
62246883
18763748
37703655
62803945
94261225
12308459
42389499
28528636
6410237
56315903
48844800
60477441
79155202
58413059
43503621
78532615
28528648
27480072
14995463
95047693
44814356
21909524
69193749
99471383
93540377
92033053
1232933
33280037
63524912
24727601
79712305
2314289
79122480
6246454
88887352
93900859
12013629
31281216
59789377
29577286
92688457
41275466
71127116
35901518
1036368
92131408
45600861
88100969
3166314
64475244
86855789
76861548
29053039
17649776
86134897
54022254
94818419
87576700
20074624
80400513
62967937
31838339
14340229
8704135
64901258
85119115
58478730
21385359
24432786
49303699
9261204
87249048
88789148
90755228
61984926
4870311
58282153
59560112
36458677
33083575
63623352
95310007
70013112
70439099
42258615
13062338
62574787
8573124
5558477
90853587
14110931
82694358
74207456
36229344
84791522
66343138
5296352
55333099
63721708
37179628
53760237
22565103
23843056
42356972
282868
83349750
14602498
99864854
13127963
32559388
15847714
19288356
59199785
94949677
72831280
217392
81678643
80466231
43962682
7131452
90853696
96751937
7622979
71192901
82465094
67916106
90558794
54120783
76304727
3428695
17813847
26431835
48255326
28103007
99209568
40423774
20435300
24203621
56349030
59756902
55398762
97276275
40980852
48681333
86528374
82956662
95211896
97210747
86528380
24596863
27349378
78598532
89051527
62902664
55005576
14733703
77975948
37409170
34001302
65261981
44093855
89444769
30757286
66179499
58544559
99439027
22794677
37769656
14307773
35344830
23613891
8212939
4870604
32821711
73814482
25743841
36524513
78860774
8606183
88330728
18633190
97735147
28660212
85316087
12472825
31019518
33903107
71291396
40948229
29413894
67719686
88429063
47698439
4018699
37442060
46551563
72864272
34099733
82694678
81580566
70275609
24728091
70799899
24072735
36622883
34656806
45142566
90526247
15651371
38195767
66310721
67654209
2675268
38621767
67457610
54547020
27284047
89379411
83743320
98292315
45666911
82760298
85578350
16274030
24203890
89805426
27873908
62149234
44094074
83841659
6443644
60740222
79385216
46060162
8442499
41702020
4739723
38130321
95277714
11883162
80859803
55988892
51499677
30724769
80433826
97833637
96490152
8082091
91509423
78434997
94589634
5526210
37802693
26825415
70963912
42193609
97145549
90985165
97080016
10736338
45404885
11817686
44126940
28889824
32264932
38720232
42717930
93672172
61330158
56120050
35214066
86070005
29446901
88101624
64082686
99046143
89969409
59003653
23548682
19256079
61526801
2085651
66933528
30364442
74634013
8737572
82301733
68309798
10408749
2216752
44290864
40489778
95638323
76436278
75748150
62968641
10769219
91083587
95736645
54022984
7787338
8246090
75518797
19518287
56054609
61559636
76043092
62280542
29414240
96719712
47305571
38196070
60216167
80171879
34853744
57430899
60150643
48190325
68637563
26792828
381826
59855756
41964428
14275468
38982554
80401308
81744801
37475235
32658340
27284394
8803245
51073966
68506543
13128624
4608949
43176886
16405433
45437883
86976
65098690
68473795
99832774
48354250
11523019
15946702
51762130
7558099
82531283
77091797
25121751
7492567
45077466
43373536
89215975
28988391
49271785
48780273
33674226
8541174
14701562
11064314
57627644
9884667
51532797
43799553
54809602
93967363
15651845
81679366
50484238
96850962
50582549
80172064
49009699
74601508
40490022
58774569
60937258
65524784
13521977
48485434
27677755
83219516
48354365
31577152
66901059
65426501
78730309
22762566
24466509
68277325
43373648
46322775
11457626
13882460
59954268
41407588
52384870
53236840
83711085
32953461
35705976
2086011
91706493
81319038
3167359
47666304
17814672
83416208
27743385
12407969
19485864
64410796
23581879
86332600
94557370
66311356
24499396
44061895
73454792
85087431
56448207
96916688
33150171
19420380
81777886
9852130
61297892
87905509
40391910
62870757
45176040
60806381
75322606
72701166
61002992
9196784
86758642
73618677
72307958
2708728
99898622
51172609
79975686
58316042
4740362
87938317
89249038
35542287
51041555
85644566
55923995
46322972
61789470
94131490
55203110
54351144
51696936
86529330
30594355
96687411
15226165
84301110
98194746
75945275
51172666
54711616
17356096
19879234
38622533
46585162
7034187
11752783
82433367
95933786
31937887
33379686
23319915
13620587
76469613
55235956
43963787
13161867
55006605
82662798
30168469
85153174
4150680
58938778
63657379
16569765
78042539
18666934
38720951
42948028
36885949
68769216
97899978
89806288
41899472
42948050
4543955
61101524
98719191
55367133
37672415
34756066
12703207
61396455
95016428
8312301
52712942
69457391
69391853
20829682
78403059
50222581
12867066
5854721
13260290
35247627
72472076
4216335
9262608
71357969
68408852
79517205
99407381
96359962
59528731
41375260
96458268
36525597
97244706
75552291
23057961
95999535
40293942
19027513
33805885
38557250
13522501
58709576
93181514
87086667
30037578
6739531
78894680
59594330
77518432
32200289
39769700
71226985
98948715
69097069
60741233
24401525
44553847
97900153
5265020
49567357
83744384
39540355
54253191
30267022
61822616
874137
91510434
5953190
87512743
97343151
41997999
8181428
28169908
24663734
72603323
33281725
775870
38688447
88331970
41211589
65492679
33412813
30922447
8083151
73782999
18798297
40556249
79091422
40130275
21092067
874215
57366248
27154155
7919345
6838008
29513469
84006663
10606345
24434444
16733965
69129997
87512849
13981460
17520416
98621224
71784239
65754933
71980855
29644601
66901819
50550591
75454272
34854726
32495433
71685967
67065685
45733719
28661592
16242523
70309730
97245031
91805548
32724850
25843575
70276984
86726522
65099651
4839304
50124681
92166026
22075278
89610128
84662161
23451538
4413335
74831771
3266459
90003357
93411229
20338592
46127015
67917743
94394291
81352640
22206403
65525700
58873799
27187144
75716555
841680
10770390
37509080
80762840
91772900
7591915
53434349
59332590
52975599
7690223
31610868
42162166
13948918
73848827
90822652
24238077
82728962
86824966
97474574
80631824
10803223
88856603
61364257
92067892
50780213
4675642
44947516
5396546
39606340
46061639
95115341
34494545
99965015
89118808
51533912
39671898
12343395
22370406
72931432
30300265
54548588
69982316
41736300
59496559
83712112
84170865
13654134
53401719
1300600
18700408
87513211
7592066
34003075
18995338
