1792138
34592912
30660752
24336531
63920275
52877467
21616798
95082658
20469922
36591780
28367013
52058276
7002280
85842089
45242540
58153136
47470769
14866610
36001975
18667704
76699833
57137337
28039358
72440003
69359811
50518217
95344842
98883791
46946516
92362967
23714013
98293983
73488608
93247714
20437218
56744167
1726703
6904049
59201779
6379764
29808890
35510523
41179394
50518277
81352970
95508747
52156699
67787036
1759517
76273950
77584679
93640999
62839081
10803498
3496235
33184045
1235260
88365382
23812424
69294414
50780498
79157587
38492520
9001320
91249001
86169966
20175221
80697723
99539324
44718467
91314565
7592327
43604362
48683403
56908173
30366099
32430484
23746971
24697243
2742693
34888109
81713581
25811375
51468720
42588598
56940984
27744699
82074046
14440896
5790149
51468741
89348562
7133651
30693848
30562777
42129885
31939038
26630621
83122654
43178465
71031268
32791019
53008877
39868915
17357302
74635773
50551295
29940234
38328845
50354708
92133909
68999702
78404119
34036250
30235167
25123361
10312228
46684709
27122218
9525806
25385520
40786481
87939634
74865205
78043716
55368264
91707981
8673871
47438426
69884507
58645083
32561759
96950880
50748001
42457700
5397096
44063340
23911030
98327160
39443067
83286653
72538750
98261635
51370628
21846664
43408014
80698001
34298515
85121684
33708691
41933463
34462363
47831718
22272678
17291944
35019434
99834539
46979761
62970546
58350258
33151666
973493
3660472
7330490
90200767
84630214
74078921
8477387
56187597
75684562
88627925
44686038
45341406
13720288
9657065
87120619
24861429
45800184
62118649
29645562
57334521
78371582
67558142
39017216
56711943
90037012
65329943
22502170
19225371
35576605
35838749
35707683
96525094
809767
21486376
53566252
70769453
96656177
92429118
30661444
97868621
1858382
75684694
62806870
51534688
24435553
81386340
73718630
21093223
6380393
91577194
55892841
26172268
94722926
29612912
50027383
26008440
66378623
73915267
69360516
13261701
57662349
20142990
17750929
31284113
55237525
42163093
65887142
18668457
82369453
16636847
16898992
43604914
19487667
47438773
66018231
45734840
77388731
74374076
90037180
86072255
4938697
37280714
10935251
68770773
95673302
62217174
16866264
82992095
15326192
60546035
60578807
41507843
36920338
41409559
13360157
51600419
45833253
48749605
92068904
98688049
42490931
15555638
34626615
37641272
74177590
18603067
10279998
86629439
54942786
21421124
47111237
33381455
69426257
2251858
9493591
8903769
65657957
36101222
37674088
21585000
22895722
25549931
52223099
19487868
81353852
26369150
80927872
55204992
96164994
95214727
8281225
20864141
89250960
50322584
40787102
48520351
85417123
12868782
36461744
83778737
60185777
10411188
54090932
95575224
50126009
36166859
65297615
23256274
21847252
67656918
47439064
71621863
16112874
65428716
39410928
34692340
88005879
18046208
48323846
7593224
17456398
88857872
31874320
98524435
8936723
67591450
90758430
96820514
52190510
79551790
45735217
93642037
16637240
62348600
24337725
18701633
31022401
35577156
95051077
54713671
46095689
85843275
3104075
69688658
95313239
20143447
9493852
91381085
79846750
61103454
42851688
39902572
13786478
20340089
33316220
36724094
50650499
71851398
53435786
89349515
35511695
73784722
59432339
92921234
14736787
49274264
43572637
55500195
25419180
80043437
72736174
70835635
36134327
72670649
28171713
63561154
8314309
29187531
88726988
40852940
74636763
44555741
39542239
29875681
98688483
50322918
76111335
32398824
54025705
71917033
69459430
96361965
47996407
43834872
73457148
73752070
53501448
33480207
18538000
64970258
15326738
49208850
12148246
52878874
25255452
62512670
19357217
49700390
31645222
49372712
68312618
12443182
4742703
56352304
59891250
56385077
68542007
74178105
47799874
19422797
22830670
39444051
56319577
75390557
40590942
34561632
67329635
13491813
65429093
59563621
80567912
56122984
10411628
16309870
59465328
38952562
83484279
66707064
15654528
90365568
36068995
75521669
24764038
14769812
65658517
81747605
50519703
94396056
13655702
1891994
50421402
25714334
33873572
38854312
66084524
87842477
64708271
60513968
62774962
87350962
72474299
48324284
384699
91709117
66838216
37707465
28761805
35217117
20930271
88301292
92561132
22830831
39640829
88432384
59596554
11558669
50880271
19390227
81714964
46718743
24174360
20864797
17719070
12050205
21585706
16604978
60088116
17686325
52649783
51306295
91840315
34758463
2088772
76570440
4022094
22077264
3497819
73260892
9756510
91578211
14409574
20373351
73883495
76570478
33185646
84008816
95051633
7659376
39673718
6446969
95543167
24338305
56614786
7364486
44523399
12869512
80240521
90267531
93347727
35381137
65626011
77062056
30564269
1466288
30760881
13426610
94953395
95379380
38395829
30695352
44982201
79192003
64413637
25386954
14180306
26566610
9723864
56483801
2514908
6479840
21422050
82960355
22110185
83124205
93511662
50946032
89317361
40558581
65396725
6512636
34988030
31088639
76439556
66674698
97378316
26501133
88006672
11395094
95641622
29024282
34988060
29810717
95510569
72802348
86695993
74014777
59170876
24698941
98230334
47112260
7757895
54747210
59957327
51929172
90595421
94756960
15130729
68116587
67887212
45211758
87515249
15786106
69329019
13361280
73654403
2154631
27680905
8839306
24830092
68149395
59924628
46653588
90333338
86040731
27123868
16310429
80142494
90792093
67952801
38068394
87318701
87777454
8544439
34627778
21782726
6774987
82862285
19161294
88203472
90366162
81682649
53272798
24764648
27648234
47898859
47669484
49635566
91807984
64086259
52322550
31744247
12345594
58024187
51372293
59695366
90202375
56582408
70246669
60055824
21324049
19652896
74539306
96854317
53698866
71000371
8970547
94232886
65364279
77652281
25813305
72802618
47178044
60318017
29352258
12673351
97542472
44196172
29581645
55763281
38035796
72999253
21324119
82731357
90628445
90530149
91283824
17097074
1073526
40329592
72343952
72180112
92201363
57663893
71917976
49209753
67166619
71164320
2580896
49504697
21553598
38396354
9789893
38429129
73523660
23650766
14377424
43966935
57139676
31056350
13001182
82698736
79684084
16966144
21029380
12739084
34759185
47866391
17719836
77423134
7889439
63889953
51208738
57139749
60219942
90792485
92529192
22274606
97837626
29811258
77029946
49406525
61891133
18178624
32039493
22372934
90399303
19915341
27812432
89219669
87220824
77292151
81420923
71099003
60940931
40297096
6316682
43049612
80372366
95347343
65626768
49668753
80765583
97182355
71131791
29057685
49799833
46129817
47309467
54616732
88531612
2384547
14279334
72409769
99312299
32465584
9200306
39314104
23290553
71328443
45638334
81257152
21127874
36233923
18113223
78504649
71361225
91874000
99967707
46457565
19096286
74146529
99508964
48358121
60678890
37741291
13787884
95183598
26469105
57107190
43344639
88793856
32465670
17588999
87581450
6021902
8676111
94659345
12870422
45769498
29975333
74277670
42623784
94331697
82567986
45605683
7922488
73917251
82043719
82830154
36397902
22831950
11821905
26403668
80372571
85058397
42034014
25224030
81322848
82010977
21619557
75228007
83747687
88269681
85779314
21980022
25289595
82830207
48259971
61498250
35513232
74376081
69755794
56583057
53699473
73360282
54518683
52061084
9855910
99672999
91775913
6284203
92529583
60351409
32302004
18932663
32039865
89711554
39314379
11592654
74769366
418777
96789465
55895002
18277340
84501475
45376483
28861413
85189605
92365799
20014058
78504940
85091313
86959093
58319864
90006521
75916292
96625685
84567067
23913503
48456737
38364194
75588647
22045737
17359918
39117877
61334582
25977911
86172727
42198075
34825276
41575486
27812929
1631297
7496772
37512265
73622602
99083343
27583571
52487261
77128807
90039402
50816107
52651117
3171438
54387823
16671858
12215419
30434430
40330376
5596296
98755722
44852365
54289550
84698257
53929106
14345362
11461781
45409433
87319706
40264858
14083225
12674212
84927653
10216616
55960746
9757868
54125744
91251893
9987255
5694649
66806972
13231293
7791807
17884351
59827393
87811266
78734531
50586820
18113734
84927687
29713614
40887502
19719376
45409487
33940690
74867927
4318424
36791512
89122010
32629980
4023517
8873189
89875691
11429100
61990125
27190510
22537454
8479984
40035573
72574204
29549822
13559039
31515903
74736896
49538306
56747271
99116304
20899093
23225622
26338582
89154839
66807066
92431642
4646174
48325918
95675679
8611103
24700202
22766894
4842801
2254130
38266174
83453246
76571971
96232772
19326278
28075337
23094601
96134486
48325977
94987611
8578395
31843675
41837919
80471392
29123946
63169900
66774382
57861487
80471411
25290107
5203333
60482951
93939081
78243211
27354512
6710672
41215382
6612374
3728801
99837348
57009576
42034607
62252468
15951291
43738559
73393608
89744842
73557459
35382741
43640282
24831462
79193574
16016874
34301419
15951338
59467246
34006511
30303726
3139058
16115187
16442866
53405176
8054266
70280698
11625983
21489153
12051972
50324997
