23062023
90793803
6842196
68970325
73885526
23717720
62547802
84338525
93874024
44296053
8316792
13756283
62580604
38791040
47409025
15132547
62121864
15361936
2090898
33613717
10807191
78440343
84764569
5466019
48850851
45017004
20572080
16050098
45344691
55502782
19228607
90007488
58943428
74016710
43706313
813001
85256139
97314767
80799706
3925986
31680487
48097258
43149293
93644784
43083766
67299326
93087748
34793478
96397320
47441929
58288138
550932
89712661
2451478
82831383
51013656
70576159
74147876
72837158
23914537
47540268
9955374
83093552
17426480
60287029
64710710
15820857
26994746
45672510
77064255
1042494
99969096
79652945
58910803
68741204
39446612
67168342
94955611
88533084
57731164
47179869
35154017
99051622
83421286
53078127
62613617
67725426
47835253
94234741
20605047
18344056
11692161
25127043
33515658
53897357
29550735
25880721
15820946
75851928
4974746
63498397
53733543
14739627
63924395
94759083
91744433
42723507
53209267
73984184
41511099
99936447
46885056
64022719
64219331
97085635
24242373
65398990
48556243
88303828
24930517
76638423
30173400
61827291
13166813
23259359
64743650
63170790
35711208
43051241
1698032
62777586
16509171
81848568
37120251
68151557
85321992
27519243
25356555
66578703
37906706
9464088
72280355
84535587
26241317
70084902
61597994
18868522
56944939
30599466
26241328
8087860
78375230
57370944
40528194
13953352
81226061
4483412
49899861
83749204
27552088
77916506
56191327
23193968
4188528
40626548
3533175
57469304
64285048
77752695
12446072
67103101
17295742
74377610
24373645
82667919
72116624
94038419
69429661
76114334
71920031
11626915
79849894
7039399
78473639
17590698
67594668
90106300
7727550
85060042
64416206
83323343
7072208
66283986
53373395
68970964
80636376
89221595
38726107
52128233
94595563
96168430
7105009
45574641
10283506
79063541
84896247
10807800
53864952
46852607
53111296
78965255
17852935
51702283
82012683
89844235
88107531
99576335
4549135
23423505
9464339
25127445
34138645
69298714
50883100
59435549
68053533
2222622
35547681
2189858
16411171
58944037
5696043
74050093
1829422
649777
9202225
9267765
46656063
46131777
24373825
96823875
22571588
44198472
50293320
64973386
39971407
29682260
44853844
46525018
58878554
7563870
81291873
15067749
23784038
90991207
90139240
75688552
51833446
79784556
78113392
28699250
33778295
13920892
57633411
56453764
53865093
73951877
78801555
27945627
846496
9071265
91024034
13363889
50227890
57928371
97839796
75754174
94825156
13724363
7826126
223955
24636122
15952609
73525989
40725222
41478886
64744170
5565165
61041394
25520884
27486967
76638972
28306174
49376000
29551361
45738757
58256136
70347528
649993
92531467
71625492
42756885
77064982
32369436
21424927
224034
86731559
36727599
67529522
99642163
42232631
29977400
54127417
32205627
63105854
29911872
16935744
60156742
90237767
85125958
27814730
48786256
23653202
56191828
98429781
79096669
84929374
76868449
58288995
24079206
70216553
14052202
2157421
5663602
16706420
14773113
76245881
29420413
42593155
37579657
90434444
15756173
79293327
94497683
31779734
34499480
76213146
33483689
23063475
89746362
36432826
46263230
76540862
81652673
50850758
94727111
89517000
52063184
7990224
14445523
61664212
5073877
60419030
20048858
38366171
26471406
66120689
73526262
99511289
80702457
5467133
93842431
79096833
17165313
74968068
2878473
50097164
30862355
86764565
30338071
97020967
45509673
17263658
23456811
99052592
13593651
86567990
19360834
67660867
552007
5401671
22146125
34401362
90631251
814171
22408283
61631588
61402214
15395943
68545644
88763517
48721022
88009859
2518149
21556360
12938379
99380369
72150164
22080664
93645977
42003611
81292443
87911581
26864798
38202527
38661287
6286505
84700331
3501228
83553452
77917364
90172597
82734261
93252791
54717626
42953914
5565629
56356030
56192195
93351108
50949320
29977806
43412689
59796690
2190560
30502114
83913955
12643556
19000547
45116654
31157487
77294837
46492923
93351175
49507594
93383946
96496910
47508750
47508753
89648403
74444069
45051174
28601638
35056937
62287146
27847977
45346100
71855416
978233
11398463
4189505
95841604
31747398
87092556
62451021
83553614
54816079
94530899
65269077
43937114
45247834
38989156
67300710
6810982
55373160
82996584
45313387
6810989
82505073
63171957
88534391
13593979
26340739
57765252
77393290
15986060
91909518
36826513
51244437
65105303
43937178
67726746
84897178
89419166
45739423
42200481
58518945
79162786
61500845
57634226
57404852
55635380
23555513
27782586
21360059
66383292
45968840
16084425
44264907
70282699
22146511
72347088
43150801
37580242
57372115
61074900
98561494
53636571
32828893
71364066
68513262
81751545
1535482
57404926
55078402
83717638
44559881
48360973
78704144
85552659
12119573
52850200
71527976
92368429
53145134
51113519
35778101
73526838
98922039
88174140
7827007
99708480
96005703
85945933
62615120
78114385
42888788
10481236
25488988
68939360
70610531
44625509
59108976
22081136
44559992
81522305
91811459
91483784
6319754
26013323
52883086
83488398
56389264
5336721
86273682
57831062
65236638
72445602
61468324
33287849
85323441
62582449
57831091
32435893
94760631
73002683
41053885
2387647
21884608
28274369
95809218
53112516
1208007
50720457
73559753
63663819
73461464
29945561
13528792
44396258
52424420
34402021
61140713
96857834
25095924
10514169
72576763
45641474
62811906
88010508
80932623
34533138
78638866
7859990
651034
73330458
66678558
48590629
73789230
81030961
75329329
11792182
42397504
58847041
8941386
49246030
51113807
3305297
26570577
27946836
8122199
41119583
9924451
13954921
22900589
80736109
91910008
70152058
76181385
45084554
71888780
94695311
43347857
48918419
47804310
4943767
87060375
16510871
19885978
85258139
32370593
34303925
65695672
11628473
51834816
96333761
22245319
41512904
46067655
28798925
61730767
83947473
51474389
9662427
65040354
82440163
31191017
48164854
72347640
81784824
67039226
17330171
89223163
67170297
8515585
66187266
75624451
12218371
66744326
70905873
87781393
95711251
41545748
28471317
47771673
30863385
89124894
75591715
53538852
84144165
73592868
91549736
89911339
39612460
56062000
8122421
33878071
21098551
98693180
71036994
31846467
26210374
46559312
16412754
38432855
85848151
99086426
57503836
10809438
40431714
96563298
34697328
31715441
73068661
56422536
54390923
1208463
2617493
29421717
91517081
22311068
23851172
39383206
41742503
81490090
84439223
8745153
5796038
43315399
5107913
56717514
43741389
6844624
85717202
68317395
80376025
8581338
62943457
88305889
77656291
16216293
68022504
78115051
2945261
10088691
33485048
66384120
47509753
36434173
68415763
94597397
33124629
3633434
59601179
60944676
25882919
82833705
16707882
65040689
11333939
79229238
68120886
18247990
60944700
93811009
98824518
64745802
33812811
22540621
56029519
71954768
35156306
35516758
61993303
25424220
33091935
15462752
74543457
73888100
59535718
83489132
36073837
51147121
87454067
51442038
39383433
67203466
43643274
50196875
75919757
1667473
92729746
71299484
9695652
97907110
12120489
63959481
51704250
56914371
13136333
89911757
96334289
57635289
16151005
11268574
81523180
55800301
39940597
73363958
81654263
92140026
33878525
50229760
56553991
4289031
49934859
88076817
70873623
29389337
27292185
65761817
4878876
16871969
79065634
89551395
13038120
98464296
74740267
40858158
3240496
95744563
85914164
71823927
35320377
26440251
72643135
43315777
24408651
67138125
53539406
34861648
6386257
33550929
80998992
39481940
2323029
66875991
19821147
38171229
81719907
84046441
57569898
59699821
55865965
39613040
8680051
69825142
85652117
36237976
35877531
53473948
84177568
70808234
54162095
92926640
9892534
66745016
99349185
25195204
91648709
49050313
66286283
17003216
12710613
53703392
51933923
97678052
11137765
9597668
78246631
78213865
27259627
94204660
36270847
39711488
65794816
54489859
38400771
1012483
32666374
23393028
93975302
80442121
5141258
12088076
9532176
47215376
74674961
3109657
51475229
52982564
15102757
27095851
75035441
82998066
93516602
5632831
15823681
27063117
